100
400 25 0/1
400 775 0/1
4 0 0 5 0 5 800 0 800
4 795 0 800 0 800 800 795 800
4 6 800 6 795 794 795 794 800
4 6 5 6 0 794 0 794 5
4 5 105 170 105 170 143 5 143
4 220 105 349 105 349 143 220 143
4 399 105 565 105 565 143 399 143
4 615 105 676 105 676 143 615 143
4 726 105 781 105 781 143 726 143
4 5 243 157 243 157 281 5 281
4 207 243 288 243 288 281 207 281
4 338 243 582 243 582 281 338 281
4 632 243 769 243 769 281 632 281
4 5 381 408 381 408 419 5 419
4 458 381 486 381 486 419 458 419
4 536 381 736 381 736 419 536 419
4 786 381 790 381 790 419 786 419
4 5 519 558 519 558 557 5 557
4 608 519 678 519 678 557 608 557
4 728 519 781 519 781 557 728 557
4 5 657 568 657 568 695 5 695
4 618 657 695 657 695 695 618 695
4 745 657 783 657 783 695 745 695
