100
400 25 0/1
400 775 0/1
4 0 0 5 0 5 800 0 800
4 795 0 800 0 800 800 795 800
4 6 800 6 795 794 795 794 800
4 6 5 6 0 794 0 794 5
4 5 105 85 105 85 163 5 163
4 135 105 589 105 589 163 135 163
4 639 105 708 105 708 163 639 163
4 758 105 771 105 771 163 758 163
4 5 243 118 243 118 301 5 301
4 168 243 278 243 278 301 168 301
4 328 243 479 243 479 301 328 301
4 529 243 741 243 741 301 529 301
4 791 243 791 243 791 301 791 301
4 5 381 37 381 37 439 5 439
4 87 381 467 381 467 439 87 439
4 517 381 677 381 677 439 517 439
4 727 381 728 381 728 439 727 439
4 778 381 792 381 792 439 778 439
4 5 519 731 519 731 577 5 577
4 781 519 786 519 786 577 781 577
4 5 657 316 657 316 715 5 715
4 366 657 383 657 383 715 366 715
4 433 657 715 657 715 715 433 715
4 765 657 793 657 793 715 765 715
