110
230 700 0/3
230 100 0/5
4 10 200 10 150 250 150 250 200
4 300 200 300 150 400 150 400 200
4 450 200 450 150 700 150 700 200  
4 10 350 10 300 150 300 150 350
4 270 350 270 300 430 300 430 350
4 470 350 470 300 700 300 700 350 
4 10 500 10 450 200 450 200 500
4 300 500 300 450 400 450 400 500
4 450 500 450 450 700 450 700 500  
4 10 650 10 600 400 600 400 650
4 450 650 450 600 700 600 700 650  
4 0 850 0 10 10 10 10 850
4 700 850 700 10 710 10 710 850
4 10 860 10 850 700 850 700 860
4 10 25 10 20 700 20 700 25
